5.036065573770491799e-01
5.036065573770491799e-01
5.816831431746791736e-01
6.698632259549921475e-01
8.881301203177240922e-01
8.831077332122250212e-01
8.716635460972889105e-01
8.618640136718750400e-01
8.917586061150170051e-01
9.214104566335472590e-01
9.140849761041307531e-01
9.037384438699849198e-01
8.642401718126483390e-01
8.552140037925002325e-01
8.896509784372640395e-01
9.032251819153095385e-01
9.110151894859860322e-01
8.829535917951898405e-01
9.241828714392121835e-01
9.100325176775506675e-01
9.436151433752156814e-01
9.436631294362395339e-01
8.896505265980573229e-01
9.091108847116992075e-01
9.334096997765449766e-01
9.229415322172940250e-01
8.983277825922467708e-01
9.138467783759234297e-01
9.035783548165848833e-01
9.180902015350315137e-01
9.131630666632400972e-01
9.347084009863365628e-01
9.344410785875821857e-01
9.447984554893091858e-01
9.418543739088451883e-01
9.316731616358391310e-01
9.288019083202451176e-01
9.281595072445939509e-01
9.207949115532652051e-01
9.368811345861531859e-01
9.412299737280251932e-01
9.620946907523997282e-01
9.344749612618973300e-01
9.354292556723199370e-01
9.339686691113028294e-01
9.522285926167156633e-01
9.660857680339665077e-01
9.577604189486829123e-01
9.640449072349883686e-01
9.363202810081765470e-01
9.553261731388859035e-01
9.539793189298088061e-01
9.601238655570871749e-01
9.675571102639330956e-01
9.706917626658218001e-01
9.663204037104319299e-01
9.606838586394184087e-01
9.571265117128519018e-01
9.714412127701345101e-01
9.694403276287141269e-01
9.695739693431837392e-01
9.702922788789500874e-01
9.756640061517539708e-01
9.723393901202882494e-01
9.703353031346055868e-01
9.686087528521691858e-01
9.702772691807323158e-01
9.732817934709340202e-01
9.744916482420189485e-01
9.748825950063025880e-01
9.726371942870672971e-01
9.757216588333827989e-01
9.706156698890139323e-01
9.721824697341457933e-01
9.760282617524536075e-01
9.780558212056460476e-01
9.784333649866533422e-01
9.752224223257859315e-01
9.794948953755258092e-01
9.816847272449983342e-01
9.840621845551458247e-01
9.825406808005622272e-01
9.800843048753976605e-01
9.811339347253491550e-01
9.817332557237179458e-01
9.806955158803049022e-01
9.796760813175757754e-01
9.821904111505068702e-01
9.810012009022459623e-01
9.836984424080902345e-01
9.836935653884005815e-01
9.830916729088586825e-01
9.826625020222173879e-01
9.815047772780279844e-01
9.828782736751106031e-01
9.832536530515261219e-01
9.846177503505176842e-01
9.827356931276626240e-01
9.832849558187621852e-01
9.826926104172846177e-01
9.842578572626253797e-01
9.833240320108592725e-01
9.837999714151141051e-01
9.856026581837453726e-01
9.855412364890597798e-01
9.853548143730789244e-01
9.850373783720475229e-01
9.846227253213640784e-01
9.847901459661817514e-01
9.854400192405562420e-01
9.837791072921160396e-01
9.858174176746858919e-01
9.851072507237853548e-01
9.850457005340339522e-01
9.838396411069618708e-01
9.841504743574404079e-01
9.847684213475382808e-01
9.835095072656586668e-01
9.838846628289473761e-01
9.834237994769197133e-01
9.842659598244378749e-01
9.848655794158488463e-01
9.843623237511122115e-01
9.849424099860466519e-01
9.850869005810505286e-01
9.846962144932323024e-01
9.853346301153674824e-01
9.850193211289702822e-01
9.847819238618286120e-01
9.851587635530697495e-01
9.851629638671874911e-01
9.850815438113406097e-01
9.852606701460040473e-01
9.853334826123004708e-01
9.854915526079863763e-01
9.852797053207911215e-01
9.848923069161521493e-01
9.849451931681069139e-01
9.849559909665862589e-01
9.854333148525129538e-01
9.849904350168855460e-01
9.851038840477378544e-01
9.852357784399603524e-01
9.851108891352998720e-01
9.853159267106273989e-01
9.851808973547711012e-01
9.847597832140786434e-01
9.848652739767579378e-01
9.851475376132441397e-01
9.854971858527353801e-01
9.849192445374851390e-01
9.848999471063754063e-01
9.850075817355007368e-01
9.851390901159067237e-01
9.853136838397864583e-01
9.854609976399036908e-01
9.851808515389074428e-01
9.848219111050070529e-01
9.849731687557296000e-01
9.853541771639411362e-01
9.856654274967644458e-01
9.857552876772810446e-01
9.853737036743690503e-01
9.853439591731153469e-01
9.852396053811205423e-01
9.854359189840716793e-01
9.852129152707749249e-01
9.852785177946707940e-01
9.852931093573056298e-01
9.850820983412761356e-01
9.849231636369917275e-01
9.853463963664123026e-01
9.853805223387618328e-01
9.856512635488567931e-01
9.855302733321761322e-01
9.855381610333867615e-01
9.856995118662033040e-01
9.852774808816193719e-01
9.853787471057012803e-01
9.857971254600544908e-01
9.854819286435302361e-01
9.855859633043370094e-01
9.858064176544637514e-01
9.856597231584339758e-01
9.854634032360534146e-01
9.853003056076089505e-01
9.850412137391136858e-01
9.853132836092536317e-01
9.853441708740023897e-01
9.853120197233606881e-01
9.853824755690856474e-01
9.853514266322664916e-01
9.852416502431716738e-01
9.851403224046524354e-01
9.855358597078233140e-01
9.852168859789554034e-01
9.853905044042210459e-01
9.854927801571600199e-01
9.856296426741802952e-01
9.849686329852310740e-01
